<?xml version="1.0"?>
<opencv_storage>
<M1 type_id="opencv-matrix">
  <rows>3</rows>
  <cols>3</cols>
  <dt>d</dt>
  <data>
     2.16598098277666738e+003 0. 6.3588385090341536e+002 0.
     2.16728966417766673e+003 4.8139909224020333e+002 0. 0. 1.</data></M1>
</opencv_storage>
