<?xml version="1.0"?>
<opencv_storage>
<M2 type_id="opencv-matrix">
  <rows>3</rows>
  <cols>3</cols>
  <dt>d</dt>
  <data>
    2.1661824477666738e+003 0. 6.1392029875560008e+002 0.
    2.1678872477666738e+003 4.3802833207254672e+002 0. 0. 1.</data></M2>
</opencv_storage>
