<?xml version="1.0"?>
<opencv_storage>
<M1 type_id="opencv-matrix">
  <rows>3</rows>
  <cols>3</cols>
  <dt>d</dt>
  <data>
     1.08190247277666738e+003 0. 3.1616636090341536e+002 0.
     1.08145539641776667e+003 2.4204162224020333e+002 0. 0. 1.</data></M1>
</opencv_storage>
