<?xml version="1.0"?>
<opencv_storage>
<M2 type_id="opencv-matrix">
  <rows>3</rows>
  <cols>3</cols>
  <dt>d</dt>
  <data>
    1.0845191577666738e+003 0. 3.0284480875560008e+002 0.
    1.0840830677666738e+003 2.2006977207254672e+002 0. 0. 1.</data></M2>
</opencv_storage>
