<?xml version="1.0"?>
<opencv_storage>
<M1 type_id="opencv-matrix">
  <rows>3</rows>
  <cols>3</cols>
  <dt>d</dt>
  <data>
     8.1135427277666738e+002 0. 2.3869423090341536e+002 0.
     8.1189019641776667e+002 1.8243670224020333e+002 0. 0. 1.</data></M1>
</opencv_storage>
