<?xml version="1.0"?>
<opencv_storage>
<M2 type_id="opencv-matrix">
  <rows>3</rows>
  <cols>3</cols>
  <dt>d</dt>
  <data>
    8.121623877666738e+002 0. 2.2793900875560008e+002 0.
    8.127746477666738e+002 1.6366696207254672e+002 0. 0. 1.</data></M2>
</opencv_storage>
