<?xml version="1.0"?>
<opencv_storage>
<M1 type_id="opencv-matrix">
  <rows>3</rows>
  <cols>3</cols>
  <dt>d</dt>
  <data>
     2.15659736277666738e+003 0. 6.2907129090341536e+002 0.
     2.19990519417766673e+003 4.7302547224020333e+002 0. 0. 1.</data></M1>
</opencv_storage>
