<?xml version="1.0"?>
<opencv_storage>
<M2 type_id="opencv-matrix">
  <rows>3</rows>
  <cols>3</cols>
  <dt>d</dt>
  <data>
    2.1580948277666738e+003 0. 6.0898768875560008e+002 0.
    2.2023011177666738e+003 4.2811605207254672e+002 0. 0. 1.</data></M2>
</opencv_storage>
